"subject" "activity" "m.tBodyAccMag" "m.tGravityAccMag" "m.tBodyAccJerkMag" "m.tBodyGyroMag" "m.tBodyGyroJerkMag" "m.fBodyAccMag" "m.fBodyBodyAccJerkMag" "m.fBodyBodyGyroMag" "m.fBodyBodyGyroJerkMag"
1 "1.WALKING" -0.136971176556842 -0.136971176556842 -0.141428809031579 -0.160979552536842 -0.298703679084211 -0.128623450629474 -0.0571194000343158 -0.199252568986316 -0.319308593778947
1 "2.WALKING UPSTAIRS" -0.129927630735849 -0.129927630735849 -0.466503446226415 -0.126735589969811 -0.59488286509434 -0.352395944716981 -0.44265216245283 -0.325961457396226 -0.634665082075472
1 "3.WALKING DOWNSTAIRS" 0.0271882914106122 0.0271882914106122 -0.0894474807979592 -0.0757412543673469 -0.295463843346939 0.0965845343040816 0.0262184949326531 -0.185720285744898 -0.281963359177551
1 "4.SITTING" -0.948536786170213 -0.948536786170213 -0.987364195531915 -0.93089249 -0.991976341276596 -0.947782922553192 -0.985262126808511 -0.958435589361702 -0.989797547234043
1 "5.STANDING" -0.984278207358491 -0.984278207358491 -0.992367790566038 -0.976493792830189 -0.994966790566038 -0.985356361132075 -0.99254247754717 -0.984617623396226 -0.994815376981132
1 "6.LAYING" -0.8419291525 -0.8419291525 -0.9543962646 -0.874759548 -0.96346103 -0.8617676481 -0.9333003608 -0.8621901854 -0.9423669466
2 "1.WALKING" -0.290407593728814 -0.290407593728814 -0.281424153881356 -0.446549092881356 -0.547911950338983 -0.324289427932203 -0.169064352813559 -0.530704814745763 -0.583249293389831
2 "2.WALKING UPSTAIRS" -0.107322679520833 -0.107322679520833 -0.321268911041667 -0.219713472958333 -0.572816438541667 -0.14531853915625 -0.189511136902083 -0.450612184791667 -0.60079849625
2 "3.WALKING DOWNSTAIRS" 0.0899511204978723 0.0899511204978723 0.00565516335106383 -0.162188586930426 -0.410872671489362 0.293424826591489 0.222247409576596 -0.320838543553191 -0.380175306489362
2 "4.SITTING" -0.967893623913043 -0.967893623913043 -0.986774713043478 -0.946035087173913 -0.991081493913043 -0.96127374826087 -0.983874698913043 -0.971840596086956 -0.989861950869565
2 "5.STANDING" -0.965875181296296 -0.965875181296296 -0.980489077407407 -0.963466341851852 -0.983951904259259 -0.964052166481482 -0.977065295555556 -0.961775904814815 -0.977849827407407
2 "6.LAYING" -0.977435485208333 -0.977435485208333 -0.987741696041667 -0.950011569583333 -0.991767074166667 -0.975110196458333 -0.985374114791667 -0.972112972708333 -0.990248702291667
3 "1.WALKING" -0.254690333275862 -0.254690333275862 -0.280009317413793 -0.466411754137931 -0.566135217931034 -0.290031535172414 -0.186764516965517 -0.569755772241379 -0.607751646034483
3 "2.WALKING UPSTAIRS" -0.184014895 -0.184014895 -0.436901159491525 -0.347321812220339 -0.658861401355932 -0.315866079491525 -0.412920898474576 -0.514211583728814 -0.716877778644068
3 "3.WALKING DOWNSTAIRS" -0.0628126118283674 -0.0628126118283674 -0.205239246653061 -0.215294501244898 -0.508567577142857 0.0289413195612245 -0.049477977322449 -0.332376629371429 -0.576277199387755
3 "4.SITTING" -0.895383350192308 -0.895383350192308 -0.969080752884615 -0.919354372307692 -0.977998051923077 -0.904185725576923 -0.965888891730769 -0.946664943653846 -0.977898105576923
3 "5.STANDING" -0.925430819016393 -0.925430819016393 -0.959303840327869 -0.892089349344262 -0.962339339672131 -0.926968932295082 -0.948627467704918 -0.913682362622951 -0.960331717868852
3 "6.LAYING" -0.972791346129032 -0.972791346129032 -0.979484593387097 -0.951564751451613 -0.98671362516129 -0.96552427516129 -0.975949597903226 -0.96458672483871 -0.984278251290323
4 "1.WALKING" -0.312050574166667 -0.312050574166667 -0.366700879833333 -0.49779220106 -0.6813040365 -0.450804558333333 -0.318587811 -0.609285588016667 -0.724327420666667
4 "2.WALKING UPSTAIRS" -0.153703935357692 -0.153703935357692 -0.400922254807692 -0.299779407884615 -0.686978374423077 -0.276825498230769 -0.397406285 -0.575794072115385 -0.740749226346154
4 "3.WALKING DOWNSTAIRS" -0.0491616726733333 -0.0491616726733333 -0.228851413747333 -0.3466062928 -0.592843014888889 -0.01907433524 -0.175295286557778 -0.429213369555556 -0.621752455777778
4 "4.SITTING" -0.93569482 -0.93569482 -0.9701322836 -0.9260633138 -0.9804904618 -0.929002095 -0.9625007338 -0.9487697524 -0.9765477634
4 "5.STANDING" -0.906478051785714 -0.906478051785714 -0.963370738392857 -0.900982100535714 -0.967614073928571 -0.917614014821429 -0.956139283571429 -0.914209165714286 -0.964471139464286
4 "6.LAYING" -0.954557603148148 -0.954557603148148 -0.970095771666667 -0.930236462592593 -0.985068502037037 -0.939389701296296 -0.96228712537037 -0.961556660185185 -0.983609073333333
5 "1.WALKING" -0.158338674394643 -0.158338674394643 -0.288333024071429 -0.355933083571429 -0.444532485357143 -0.304992488892857 -0.269481661080357 -0.484262828928571 -0.548053574821429
5 "2.WALKING UPSTAIRS" 0.0435562021989362 0.0435562021989362 -0.247403476914894 -0.235516929306383 -0.47348816787234 -0.169261525 -0.264674938957447 -0.392564530851064 -0.571344138723404
5 "3.WALKING DOWNSTAIRS" 0.211138853638298 0.211138853638298 -0.0637528559361702 -0.218029835319149 -0.39719562106383 0.155742168808511 0.00918394264170213 -0.349338414731915 -0.453697247021277
5 "4.SITTING" -0.9379783225 -0.9379783225 -0.969320155681818 -0.934301646590909 -0.973848287045455 -0.936290604545455 -0.964440302272727 -0.944760322045455 -0.971598370227273
5 "5.STANDING" -0.906104701071429 -0.906104701071429 -0.956863566071429 -0.900671630714286 -0.958405900892857 -0.9046413925 -0.941825903035714 -0.904543921607143 -0.952286438035714
5 "6.LAYING" -0.966777882884615 -0.966777882884615 -0.980141253846154 -0.946938300576923 -0.9864194225 -0.962234984038462 -0.977356379807692 -0.968257068846154 -0.984618025769231
6 "1.WALKING" -0.166840713631579 -0.166840713631579 -0.195117026052632 -0.281207841122807 -0.321290483140351 -0.201386607649123 -0.055401423331579 -0.329681123368421 -0.366500534122807
6 "2.WALKING UPSTAIRS" 0.0177790974433333 0.0177790974433333 -0.207379799254902 -0.12912124415098 -0.342895367921569 -0.0819479396203922 -0.169868234496078 -0.230627015078431 -0.45923633377451
6 "3.WALKING DOWNSTAIRS" 0.333754731458333 0.333754731458333 0.10384507225 0.0142677821595833 -0.0829366854166667 0.395958034583333 0.243834258785417 -0.0143735434 -0.132705384364583
6 "4.SITTING" -0.949543531272727 -0.949543531272727 -0.962733502 -0.932703812181818 -0.962929227818182 -0.935750391272727 -0.948348653636364 -0.929725679272727 -0.952034566
6 "5.STANDING" -0.945022876491228 -0.945022876491228 -0.967102436140351 -0.939404744385965 -0.963406222982456 -0.945949804035088 -0.955914005438597 -0.926664297017544 -0.955425138245614
6 "6.LAYING" -0.918878850824561 -0.918878850824561 -0.954750504912281 -0.908980174736842 -0.955645738245614 -0.91235165222807 -0.948655471052632 -0.930153639473684 -0.953695957368421
7 "1.WALKING" -0.0978090439438596 -0.0978090439438596 -0.192948900438596 -0.305959351403509 -0.300022779964912 -0.151243649578947 -0.0384187298547368 -0.192909765467895 -0.155339855862632
7 "2.WALKING UPSTAIRS" -0.198074437978431 -0.198074437978431 -0.458695232352941 -0.239099165627451 -0.661969771960784 -0.378618761568627 -0.45478324745098 -0.533982945882353 -0.673327281960784
7 "3.WALKING DOWNSTAIRS" 0.0198795285851064 0.0198795285851064 -0.170319619372979 -0.18874081887234 -0.399229959148936 0.218911066191489 0.067389886106383 -0.255045057404255 -0.289096677191489
7 "4.SITTING" -0.918432107083333 -0.918432107083333 -0.976559676458333 -0.897870535 -0.981665122291667 -0.90895677625 -0.970954184166667 -0.933081955208333 -0.978634991458333
7 "5.STANDING" -0.942724659245283 -0.942724659245283 -0.973381306226415 -0.943425564528302 -0.977377083018868 -0.945611450377358 -0.967417888301887 -0.93870498490566 -0.973671168679245
7 "6.LAYING" -0.936392023846154 -0.936392023846154 -0.980127239615385 -0.915793634807692 -0.983008829038462 -0.927976880634615 -0.968066259230769 -0.941130719230769 -0.974117912115385
8 "1.WALKING" 0.0516786278104167 0.0516786278104167 -0.0668322430433333 -0.00310243820125 -0.339129269583333 -0.09521728274375 -0.123834409766667 -0.301241848645833 -0.473026230833333
8 "2.WALKING UPSTAIRS" 0.121026629195122 0.121026629195122 -0.141494613465854 0.166447991 -0.400664014146341 -0.13026451905122 -0.131850567460976 -0.229610952609756 -0.46327057804878
8 "3.WALKING DOWNSTAIRS" 0.176599311818421 0.176599311818421 0.262628490268421 0.0993429744078947 -0.126189142894737 0.301626757315789 0.331528459921053 -0.00036272967368421 -0.125179586744737
8 "4.SITTING" -0.952139704347826 -0.952139704347826 -0.986061512173913 -0.93268224326087 -0.991807428043478 -0.947981783478261 -0.980932292391304 -0.965806789347826 -0.987730604130435
8 "5.STANDING" -0.953762884074074 -0.953762884074074 -0.984920797777778 -0.952848496851852 -0.987580587777778 -0.953746070740741 -0.979745872037037 -0.964564224074074 -0.983709233333333
8 "6.LAYING" -0.935308633888889 -0.935308633888889 -0.97314748962963 -0.924253348518518 -0.978438191296296 -0.932279645518518 -0.961792852407407 -0.944528950555556 -0.968403945925926
9 "1.WALKING" -0.0980840496143461 -0.0980840496143461 -0.203733615519231 -0.294542266826923 -0.510253995769231 -0.318801022711538 -0.316870715576923 -0.513797480384615 -0.602581618269231
9 "2.WALKING UPSTAIRS" -0.260727581428571 -0.260727581428571 -0.440667540204082 -0.0833234490061224 -0.672840561836735 -0.372890348979592 -0.419533108571429 -0.531482693877551 -0.734159449387755
9 "3.WALKING DOWNSTAIRS" 0.145886357935714 0.145886357935714 -0.16237608927619 -0.168921400633333 -0.469028434047619 0.222203941 0.00716877883571429 -0.347540226666667 -0.463172053809524
9 "4.SITTING" -0.8933617176 -0.8933617176 -0.964383757 -0.9032355368 -0.9733641366 -0.8977181972 -0.9530504408 -0.9344377378 -0.9683155878
9 "5.STANDING" -0.945167482444444 -0.945167482444444 -0.969524578888889 -0.921030223111111 -0.969824044222222 -0.946330171777778 -0.963242884 -0.929769067777778 -0.967491628
9 "6.LAYING" -0.9308684376 -0.9308684376 -0.9633745492 -0.9071250998 -0.964524819 -0.9266042952 -0.9543205856 -0.9186053356 -0.9558062546
10 "1.WALKING" -0.127400912069811 -0.127400912069811 -0.132624992298283 -0.156458730358491 -0.440363636603774 -0.0930237422792453 0.0205189516981132 -0.412616909622642 -0.515065335849057
10 "2.WALKING UPSTAIRS" -0.0266623294757447 -0.0266623294757447 -0.262038042446809 0.0438573846851064 -0.523462968510638 -0.166866721574468 -0.153553147382979 -0.265371689148936 -0.600582998297872
10 "3.WALKING DOWNSTAIRS" 0.250843769394737 0.250843769394737 0.0507010228431579 -0.0238468037578947 -0.401854311315789 0.220115703368421 0.156978047052632 -0.312347510289474 -0.484196484736842
10 "4.SITTING" -0.96075719962963 -0.96075719962963 -0.988054237592593 -0.944202043703704 -0.993707487592593 -0.955281010740741 -0.985900801111111 -0.974459732592593 -0.992191529259259
10 "5.STANDING" -0.951988907954545 -0.951988907954545 -0.965163818409091 -0.929787259772727 -0.971637661590909 -0.9401101675 -0.951633690454545 -0.937786743409091 -0.965614081363636
10 "6.LAYING" -0.956781819655172 -0.956781819655172 -0.976234435172414 -0.937590998793103 -0.970830848965517 -0.950848109137931 -0.968561121551724 -0.937692642586207 -0.960976821551724
11 "1.WALKING" -0.288323472033898 -0.288323472033898 -0.402333202033898 -0.421801673559322 -0.63073270559322 -0.458514062542373 -0.395116134237288 -0.610222628813559 -0.751914457457627
11 "2.WALKING UPSTAIRS" -0.132594623759259 -0.132594623759259 -0.509587701296296 -0.255048336944444 -0.757314813888889 -0.336061027407407 -0.475928501666667 -0.55009966 -0.795986113703704
11 "3.WALKING DOWNSTAIRS" 0.126227657258696 0.126227657258696 -0.198206139934783 -0.19788336026087 -0.599294760652174 0.0902807576630435 -0.097454996626087 -0.456170108913043 -0.668340527608696
11 "4.SITTING" -0.961970763773585 -0.961970763773585 -0.97935563509434 -0.951884472075472 -0.989519031132076 -0.953066009056604 -0.975315331509434 -0.969799951132076 -0.987255972641509
11 "5.STANDING" -0.984853836595745 -0.984853836595745 -0.989242377234043 -0.979978011489362 -0.993428183617021 -0.982255413617021 -0.988636595319149 -0.982576519787234 -0.992981019787234
11 "6.LAYING" -0.980621180175439 -0.980621180175439 -0.983330628421053 -0.952523752105263 -0.990641248245614 -0.973994004561404 -0.976940774561403 -0.967093356491228 -0.985978837192982
12 "1.WALKING" -0.102204550448 -0.102204550448 -0.144064922688 -0.35593036512 -0.5174937754 -0.153116002784 -0.029912425338 -0.442503784 -0.5611764414
12 "2.WALKING UPSTAIRS" -0.229183927115385 -0.229183927115385 -0.432469300961538 -0.316561585961538 -0.674972132307692 -0.290005418653846 -0.3208844625 -0.594032515192308 -0.714332592115385
12 "3.WALKING DOWNSTAIRS" 0.0183139429630435 0.0183139429630435 -0.107091019565217 -0.213351510686957 -0.442831079130435 0.148017269434783 0.0769968373 -0.344938419969565 -0.458227490826087
12 "4.SITTING" -0.952176621372549 -0.952176621372549 -0.974734489803922 -0.941907240784314 -0.980392337647059 -0.955944253137255 -0.971715268627451 -0.958511866666667 -0.97848445372549
12 "5.STANDING" -0.941459935081967 -0.941459935081967 -0.968790683278689 -0.888101372786885 -0.969289973606557 -0.945217802786885 -0.960859009508197 -0.902356765573771 -0.963059791967213
12 "6.LAYING" -0.9482046755 -0.9482046755 -0.969843834166667 -0.9308405935 -0.971067768833333 -0.9438674399 -0.962448418666667 -0.9454970225 -0.963949607166667
13 "1.WALKING" -0.135643867842105 -0.135643867842105 -0.133205034736842 -0.218669558421053 -0.303508210175439 -0.23460086645614 -0.15211150075614 -0.267472373877193 -0.338527133789474
13 "2.WALKING UPSTAIRS" -0.10115350174 -0.10115350174 -0.456190454 -0.237182958116364 -0.631964902181818 -0.367522800909091 -0.425100006545455 -0.485477308909091 -0.656088544363636
13 "3.WALKING DOWNSTAIRS" -0.0294634299553191 -0.0294634299553191 -0.127926051502128 -0.102114480531915 -0.323552439276596 0.0528791880659574 -0.0282156656914894 -0.206121707212766 -0.266399903210638
13 "4.SITTING" -0.957690563673469 -0.957690563673469 -0.989497838979592 -0.951142644081633 -0.992604304489796 -0.956901559653061 -0.988348535306122 -0.973258277755102 -0.991723741632653
13 "5.STANDING" -0.971564243157895 -0.971564243157895 -0.98680002754386 -0.95782537245614 -0.983637634912281 -0.972393559473684 -0.981977536491228 -0.957488799473684 -0.977197403859649
13 "6.LAYING" -0.960517768225806 -0.960517768225806 -0.985467853870968 -0.944303111935484 -0.98544626483871 -0.959535493548387 -0.980754385967742 -0.957681621290323 -0.978150814032258
14 "1.WALKING" -0.144404671779661 -0.144404671779661 -0.377293155084746 -0.137208741864407 -0.519895046779661 -0.373516771016949 -0.431591453389831 -0.311386449661017 -0.591036936101695
14 "2.WALKING UPSTAIRS" 0.140108204051852 0.140108204051852 -0.28366383592037 0.365779419444444 -0.399921949557407 -0.0759851813333333 -0.288744334092593 0.0488588668185185 -0.457250612407407
14 "3.WALKING DOWNSTAIRS" 0.185537706866667 0.185537706866667 0.0353601375466667 0.166340011842444 -0.275120883488889 0.471905155133333 0.186223478065556 -0.0787568406777778 -0.254747132274667
14 "4.SITTING" -0.944197943703704 -0.944197943703704 -0.976521006111111 -0.942756369259259 -0.988317606666667 -0.940589853333333 -0.972985342962963 -0.963320540555556 -0.987324239259259
14 "5.STANDING" -0.943456847333333 -0.943456847333333 -0.972965788166667 -0.943530016833333 -0.974873328 -0.949715059833333 -0.970214125833333 -0.944405563833333 -0.969175636833333
14 "6.LAYING" -0.905978250196078 -0.905978250196078 -0.972576392941176 -0.904665418431373 -0.975621183137255 -0.899463668843137 -0.96798859627451 -0.930151731176471 -0.966455343137255
15 "1.WALKING" -0.186514650759259 -0.186514650759259 -0.320129322962963 -0.243711124444444 -0.543979500555556 -0.275156242062037 -0.289753952407407 -0.489166383703704 -0.645075178148148
15 "2.WALKING UPSTAIRS" -0.000971394711666667 -0.000971394711666667 -0.316050382083333 -0.201217274 -0.663637117708333 -0.165242147958333 -0.261956679958333 -0.45369356625 -0.731422357916667
15 "3.WALKING DOWNSTAIRS" 0.320449387166667 0.320449387166667 -0.0372666071540476 -0.121686320740476 -0.509466648095238 0.331150229285714 0.158413334683333 -0.373898631190476 -0.565396130714286
15 "4.SITTING" -0.958669836271186 -0.958669836271186 -0.986107839152542 -0.957331628305085 -0.992188893898305 -0.949752001322034 -0.984689437118644 -0.973762179830509 -0.990180959322034
15 "5.STANDING" -0.961207616226415 -0.961207616226415 -0.981495125660377 -0.946961381132076 -0.984407077924528 -0.960337344339623 -0.979078785660377 -0.956733900188679 -0.983188091886792
15 "6.LAYING" -0.955340661527778 -0.955340661527778 -0.979890228194444 -0.944605127222222 -0.983235025416667 -0.956001034027778 -0.973681222777778 -0.946812642361111 -0.975727853888889
16 "1.WALKING" -0.258766694117647 -0.258766694117647 -0.363144483529412 -0.485931932745098 -0.671541834117647 -0.410463241960784 -0.378278490588235 -0.669228540784314 -0.72068229
16 "2.WALKING UPSTAIRS" -0.233990331568627 -0.233990331568627 -0.48321905 -0.308260568039216 -0.737705162156863 -0.370649738235294 -0.475597717843137 -0.630546675490196 -0.787833632352941
16 "3.WALKING DOWNSTAIRS" 0.191079793587447 0.191079793587447 -0.165908810808511 -0.309820427234043 -0.590896636382979 0.114032088546809 -0.0745659082223404 -0.488253939574468 -0.58966315
16 "4.SITTING" -0.961879680724638 -0.961879680724638 -0.987472699130435 -0.946417382463768 -0.992444606231884 -0.958335480724638 -0.983968635942029 -0.954060994347826 -0.989363136376812
16 "5.STANDING" -0.969948825128205 -0.969948825128205 -0.989205231794872 -0.972528178205128 -0.992848576025641 -0.971082558076923 -0.986502687948718 -0.975448632179487 -0.99117243
16 "6.LAYING" -0.961834634857143 -0.961834634857143 -0.988349656571429 -0.951777099571429 -0.990839526285714 -0.968020521285714 -0.987514525142857 -0.970249638857143 -0.988695277714286
17 "1.WALKING" -0.151151487704918 -0.151151487704918 -0.301093269180328 -0.335009836885246 -0.517167440655738 -0.429380043442623 -0.335938891803279 -0.518618058688525 -0.582711859672131
17 "2.WALKING UPSTAIRS" -0.0128062276916667 -0.0128062276916667 -0.357233897916667 -0.235191249091667 -0.637367490625 -0.150305643291667 -0.360299853125 -0.504066956875 -0.669008763541667
17 "3.WALKING DOWNSTAIRS" 0.148951103536087 0.148951103536087 -0.221631694184783 -0.232641763307609 -0.540325787826087 0.0580680522108696 -0.188680399771739 -0.40943875826087 -0.57734888
17 "4.SITTING" -0.97274734640625 -0.97274734640625 -0.99281471515625 -0.967177744375 -0.996334795 -0.973626755 -0.99142725046875 -0.98336929234375 -0.995204564375
17 "5.STANDING" -0.977635981410256 -0.977635981410256 -0.991742753589744 -0.978184576538462 -0.993672973717949 -0.980967748205128 -0.990162798846154 -0.984291131538461 -0.992723939358974
17 "6.LAYING" -0.953021411126761 -0.953021411126761 -0.981607627887324 -0.960733121690141 -0.985542411126761 -0.961046326338028 -0.979687318732394 -0.969014444788732 -0.982765526478873
18 "1.WALKING" -0.287908078035714 -0.287908078035714 -0.379269262142857 -0.500471147857143 -0.636485896964286 -0.424386734107143 -0.41403775125 -0.620331394285714 -0.710596311071429
18 "2.WALKING UPSTAIRS" -0.279146312758621 -0.279146312758621 -0.601463948275862 -0.3691086 -0.781652689310345 -0.436561064482759 -0.574481396551724 -0.654029089310345 -0.826193160862069
18 "3.WALKING DOWNSTAIRS" -0.293531973636364 -0.293531973636364 -0.466516044 -0.381022814727273 -0.701663073636364 -0.241973534781818 -0.3833987134 -0.604735414363636 -0.744236045090909
18 "4.SITTING" -0.983674151754386 -0.983674151754386 -0.989869574561404 -0.977634992105263 -0.994873439824561 -0.984781467192982 -0.990407075964912 -0.986535242105263 -0.99480818754386
18 "5.STANDING" -0.972607495342466 -0.972607495342466 -0.98596529369863 -0.963006793150685 -0.988685954931507 -0.976797646027397 -0.984987073150685 -0.972352593013699 -0.988960668767123
18 "6.LAYING" -0.986456241538462 -0.986456241538462 -0.98832154 -0.980740846769231 -0.993095122615385 -0.986788412 -0.988548418307692 -0.984329092153846 -0.991901007538462
19 "1.WALKING" 0.0648173438653846 0.0648173438653846 0.109450990201923 0.100045071430769 -0.164699977592308 0.0322272296217308 0.0730179928688462 -0.0952460452365385 -0.262442822846154
19 "2.WALKING UPSTAIRS" 0.01738119347275 0.01738119347275 -0.114189605875 -0.06161577145 -0.372790526575 -0.07962876322 -0.187391317015 -0.28884026785 -0.4771839145
19 "3.WALKING DOWNSTAIRS" 0.644604325128205 0.644604325128205 0.434490400974359 0.418004608615385 0.0875816618205128 0.586637550769231 0.538404846128205 0.203979764835897 -0.0229045295641026
19 "4.SITTING" -0.962074065616438 -0.962074065616438 -0.986423976027397 -0.942229043835616 -0.989450316575342 -0.962632577945206 -0.983751646712329 -0.964238768493151 -0.986727418493151
19 "5.STANDING" -0.960505683561644 -0.960505683561644 -0.983068923561644 -0.94174504109589 -0.985801637671233 -0.968910788767123 -0.979135412739726 -0.958578129589041 -0.984536610136986
19 "6.LAYING" -0.96626080686747 -0.96626080686747 -0.98478434 -0.953263432771084 -0.985342497710843 -0.971957401325301 -0.980621564096386 -0.965624724457831 -0.981890470361446
20 "1.WALKING" 0.039402280578902 0.039402280578902 -0.0429359302764706 0.0686275147882353 -0.194893253196078 -0.00353341793921569 0.0545269493972549 -0.0520065599062745 -0.180365335498431
20 "2.WALKING UPSTAIRS" 0.00872502461176471 0.00872502461176471 -0.255611242098039 0.0223302538235294 -0.37192841627451 -0.205009295196078 -0.215014031556863 -0.286627716823529 -0.450393446470588
20 "3.WALKING DOWNSTAIRS" 0.221851587933333 0.221851587933333 -0.0612699838466667 0.0938419436933333 -0.268183423577778 0.151887747217778 0.0137917152644444 -0.100566103524444 -0.311668472555556
20 "4.SITTING" -0.952738043030303 -0.952738043030303 -0.978774578333333 -0.939574435606061 -0.983010276060606 -0.946913451666667 -0.971730462575758 -0.953399068181818 -0.976108353787879
20 "5.STANDING" -0.92240685739726 -0.92240685739726 -0.956624899041096 -0.883675028630137 -0.94793650109589 -0.921225595205479 -0.940007897123288 -0.879437674794521 -0.929600007123288
20 "6.LAYING" -0.960743126176471 -0.960743126176471 -0.984670073823529 -0.9604473725 -0.986749500882353 -0.952827071323529 -0.979695458088235 -0.969832241176471 -0.981119820588235
21 "1.WALKING" -0.123455661519231 -0.123455661519231 -0.148138991523077 -0.284775644807692 -0.426930725 -0.251266388923077 -0.144009889665385 -0.409516081153846 -0.4995972025
21 "2.WALKING UPSTAIRS" -0.0810453188106383 -0.0810453188106383 -0.355047693617021 -0.168982721146809 -0.577935642978723 -0.257894449148936 -0.355443706553191 -0.475369886808511 -0.628915748723404
21 "3.WALKING DOWNSTAIRS" 0.245771699004444 0.245771699004444 -0.0802241799933333 -0.184850019535556 -0.452828682444444 0.239895893822222 0.112442619741778 -0.406392284444444 -0.490804948444444
21 "4.SITTING" -0.974734999411765 -0.974734999411765 -0.985947225176471 -0.964971113764706 -0.990307349882353 -0.974829227058824 -0.985342358705882 -0.977839702352941 -0.990014272588235
21 "5.STANDING" -0.958774298089888 -0.958774298089888 -0.974765161910112 -0.949837151797753 -0.976857084157303 -0.962291334157303 -0.970634296404494 -0.956723022359551 -0.976126760674157
21 "6.LAYING" -0.952596583222222 -0.952596583222222 -0.982800330555556 -0.949278890222222 -0.985915906888889 -0.953769071222222 -0.978444123888889 -0.962349012888889 -0.982993315111111
22 "1.WALKING" 0.0722419121669565 0.0722419121669565 0.02291996735 -0.210608043717391 -0.461999528913043 -0.0241584964891304 0.0659727285 -0.438378722826087 -0.553946121521739
22 "2.WALKING UPSTAIRS" 0.210282608333333 0.210282608333333 -0.0957840344357143 -0.1280319236 -0.568111869047619 -0.0866905123880952 -0.0458020362119048 -0.369902 -0.667996003333333
22 "3.WALKING DOWNSTAIRS" 0.330999221944444 0.330999221944444 -0.0179784626888889 -0.161333309783333 -0.459579670833333 0.155526858911111 0.0224783539805556 -0.338417326388889 -0.583510518055556
22 "4.SITTING" -0.942167353870968 -0.942167353870968 -0.979303714032258 -0.942077432741935 -0.98547603483871 -0.943078237096774 -0.968908297096774 -0.951952767258065 -0.977775448387097
22 "5.STANDING" -0.954807661269841 -0.954807661269841 -0.975876006507936 -0.931624303968254 -0.978603529206349 -0.949044483015873 -0.959743877936508 -0.932065270793651 -0.968377798253968
22 "6.LAYING" -0.934993799305556 -0.934993799305556 -0.971169779305556 -0.926616373333333 -0.981716936388889 -0.929818990972222 -0.962654791527778 -0.946055840972222 -0.976638980972222
23 "1.WALKING" -0.0988770198220339 -0.0988770198220339 -0.0670819655881356 -0.0120968259523729 0.0115305410508475 -0.0942606311677966 -0.0180705701559322 0.185078207383051 0.146618569064407
23 "2.WALKING UPSTAIRS" -0.0117536873784314 -0.0117536873784314 -0.311143885098039 -0.156527148792745 -0.504367150588235 -0.231382662235294 -0.302968064764706 -0.380388292223529 -0.51871565
23 "3.WALKING DOWNSTAIRS" 0.127211137694444 0.127211137694444 0.112982475627778 0.0390915481555556 -0.0463117766203704 0.364829993351852 0.335009724333333 0.150825734842593 0.0746754643666667
23 "4.SITTING" -0.944080772941176 -0.944080772941176 -0.982375503382353 -0.936593426911765 -0.986514066029412 -0.945837830147059 -0.974121466764706 -0.952293277205882 -0.980707211470588
23 "5.STANDING" -0.957212267058824 -0.957212267058824 -0.978671485441176 -0.938430293382353 -0.9763992525 -0.957986177058823 -0.973798155735294 -0.944583829705882 -0.972598810882353
23 "6.LAYING" -0.962959196805556 -0.962959196805556 -0.987010197361111 -0.949418000972222 -0.984557478611111 -0.967747053194444 -0.985905703888889 -0.966239347916667 -0.981846854305556
24 "1.WALKING" -0.299983613965517 -0.299983613965517 -0.399722201034483 -0.403064156896552 -0.507824745862069 -0.434618912068966 -0.418641046896552 -0.534509163793103 -0.571594392068966
24 "2.WALKING UPSTAIRS" -0.226402822033898 -0.226402822033898 -0.488487620508475 -0.33443583979661 -0.658751629152542 -0.322300989322034 -0.429800778813559 -0.564664994745763 -0.64611467
24 "3.WALKING DOWNSTAIRS" -0.0737699163072727 -0.0737699163072727 -0.263106944836364 -0.304965806363636 -0.497152238363636 -0.0231701626603636 -0.200830137109091 -0.374298686727273 -0.474449925818182
24 "4.SITTING" -0.968979156470588 -0.968979156470588 -0.985555822352941 -0.964633252352941 -0.991306424705882 -0.968905031470588 -0.984469962941177 -0.977973720735294 -0.990854751176471
24 "5.STANDING" -0.950061017681159 -0.950061017681159 -0.977620953913043 -0.954518594057971 -0.982387268985507 -0.960066088115942 -0.972251355217391 -0.963922314202899 -0.981119237826087
24 "6.LAYING" -0.9718540425 -0.9718540425 -0.985529270555556 -0.953791512638889 -0.982780873888889 -0.973171068055556 -0.983108084305556 -0.964001383472222 -0.978596740694444
25 "1.WALKING" -0.40528943 -0.40528943 -0.538291424594595 -0.394362401351351 -0.678466069054054 -0.566060023108108 -0.564591342162162 -0.562733252702703 -0.770300895540541
25 "2.WALKING UPSTAIRS" -0.305772199076923 -0.305772199076923 -0.679160843538462 -0.3186346998 -0.777106026615385 -0.527907561538462 -0.654795110615385 -0.567153469846154 -0.822403906
25 "3.WALKING DOWNSTAIRS" -0.22010859462069 -0.22010859462069 -0.50048333137931 -0.216082565601724 -0.664713625172414 -0.288154787517241 -0.471642111551724 -0.485763582068966 -0.687034281206897
25 "4.SITTING" -0.970409337076923 -0.970409337076923 -0.989545142461538 -0.966568718615385 -0.99286465 -0.967017992615385 -0.987941825538462 -0.979350913692308 -0.991781701692308
25 "5.STANDING" -0.972663592162162 -0.972663592162162 -0.984647071216216 -0.967077442837838 -0.985091991216216 -0.972355393243243 -0.982294170810811 -0.968972499594595 -0.98401783027027
25 "6.LAYING" -0.56047777609589 -0.56047777609589 -0.962161355890411 -0.809688545342466 -0.969783262465753 -0.774481943616438 -0.96008314739726 -0.910126993561644 -0.96825160890411
26 "1.WALKING" -0.223399171830508 -0.223399171830508 -0.290758024915254 -0.392092024067797 -0.51239882559322 -0.379836742711864 -0.293358341186441 -0.551927613050847 -0.619461036101695
26 "2.WALKING UPSTAIRS" -0.142874499381818 -0.142874499381818 -0.404463896363636 -0.344427047636364 -0.648099850181818 -0.167566383372727 -0.294970470909091 -0.556084778181818 -0.673580662727273
26 "3.WALKING DOWNSTAIRS" 0.114379383742 0.114379383742 -0.1488562664 -0.23531462282 -0.4187798104 0.075101684668 -0.15317202912 -0.3345099466 -0.4722007526
26 "4.SITTING" -0.953079994102564 -0.953079994102564 -0.990898435769231 -0.954052945897436 -0.994466446282051 -0.952411043717949 -0.989481942820513 -0.97646387 -0.993985447564103
26 "5.STANDING" -0.968511694324324 -0.968511694324324 -0.986985213648649 -0.968673955540541 -0.98854482527027 -0.970605250405405 -0.98287688945946 -0.972333108648649 -0.985762255540541
26 "6.LAYING" -0.976785042368421 -0.976785042368421 -0.989970604210526 -0.951863594736842 -0.99219798 -0.969269114078947 -0.989138184473684 -0.974305179605263 -0.990430914078947
27 "1.WALKING" -0.238853875263158 -0.238853875263158 -0.230500549298246 -0.396638753684211 -0.562587199473684 -0.327229405789474 -0.259934013157895 -0.519451704035088 -0.623288199649123
27 "2.WALKING UPSTAIRS" -0.160589355980392 -0.160589355980392 -0.479067422156863 -0.286145719598039 -0.699895090784314 -0.393928937058824 -0.460770277843137 -0.607667730196078 -0.71917980372549
27 "3.WALKING DOWNSTAIRS" 0.108071382861364 0.108071382861364 -0.115421210625 -0.164783206536364 -0.440546586136364 0.149816459227273 0.010857564025 -0.359113724772727 -0.46777776875
27 "4.SITTING" -0.979481668857143 -0.979481668857143 -0.989467178285714 -0.963565474 -0.994034710714286 -0.974766466714286 -0.988773269428571 -0.979482820857143 -0.992390264285714
27 "5.STANDING" -0.972753287375 -0.972753287375 -0.985347620125 -0.968702956625 -0.989532103875 -0.973186182375 -0.984151646 -0.975525565625 -0.98941848275
27 "6.LAYING" -0.982091652162162 -0.982091652162162 -0.988372773648649 -0.966917594459459 -0.994355043783784 -0.981389017702703 -0.988098902567568 -0.979890667972973 -0.993563778648649
28 "1.WALKING" -0.1806660203 -0.1806660203 -0.299223359444444 -0.310775945814815 -0.546248758518519 -0.352156841666667 -0.360811456296296 -0.514602424814815 -0.595965103703704
28 "2.WALKING UPSTAIRS" -0.186240503960784 -0.186240503960784 -0.388086248235294 -0.263415282690196 -0.620279797647059 -0.213519364760784 -0.294433415745098 -0.534835409607843 -0.662505819411765
28 "3.WALKING DOWNSTAIRS" 0.104359216580435 0.104359216580435 -0.0707560279130435 -0.068246324026087 -0.340417305565217 0.188840007695652 -0.0128823827326087 -0.223354793921739 -0.396720714347826
28 "4.SITTING" -0.955789708611111 -0.955789708611111 -0.973274366805556 -0.955175567083333 -0.981213159305556 -0.953928124027778 -0.969178686666667 -0.960297525 -0.979465868888889
28 "5.STANDING" -0.92547165164557 -0.92547165164557 -0.959551987468354 -0.894242469620253 -0.959681019113924 -0.929146479367089 -0.952727765189873 -0.909652436329114 -0.958758576835443
28 "6.LAYING" -0.95811223025 -0.95811223025 -0.978455341875 -0.93710692125 -0.978220270625 -0.961035587625 -0.9734362485 -0.944218369375 -0.971830582375
29 "1.WALKING" -0.0955213393716981 -0.0955213393716981 -0.240231677415094 -0.28057326754717 -0.506242118113208 -0.235683305566038 -0.108978206490566 -0.416817853396226 -0.628501115849057
29 "2.WALKING UPSTAIRS" 0.00834360271428571 0.00834360271428571 -0.344324833061224 0.0439627677608163 -0.617340803061225 -0.108306402963265 -0.239108046693878 -0.357213897032653 -0.697454553061225
29 "3.WALKING DOWNSTAIRS" 0.103705165666667 0.103705165666667 -0.138637624454167 -0.122968108816667 -0.539174456458333 0.115973968158333 0.000448896304791667 -0.381459881875 -0.596578626041667
29 "4.SITTING" -0.978017021833333 -0.978017021833333 -0.990719807666667 -0.962377332166667 -0.995392308166667 -0.973346531833333 -0.990093703833333 -0.980269425833333 -0.995063049
29 "5.STANDING" -0.984745318923077 -0.984745318923077 -0.990785419538462 -0.980657340461539 -0.992144698923077 -0.984548094769231 -0.989793892615385 -0.980879722923077 -0.991672052
29 "6.LAYING" -0.986493196666667 -0.986493196666667 -0.992725367826087 -0.971923623043478 -0.997322526811594 -0.986800645362319 -0.993998275797101 -0.98400134173913 -0.997617389275362
30 "1.WALKING" -0.195140032969231 -0.195140032969231 -0.352111713846154 -0.0229640797463077 -0.472068729846154 -0.342363772923077 -0.347180134692308 -0.358344356 -0.547621753230769
30 "2.WALKING UPSTAIRS" -0.137627857227385 -0.137627857227385 -0.596600099538461 -0.113608367276923 -0.718780256769231 -0.400588353846154 -0.549784890615385 -0.449150735076923 -0.773974451846154
30 "3.WALKING DOWNSTAIRS" -0.0373901122469355 -0.0373901122469355 -0.293738801622581 -0.095537320533871 -0.574337006451613 0.00410151034354839 -0.125961400367742 -0.356772347348871 -0.617578814032258
30 "4.SITTING" -0.957487221451613 -0.957487221451613 -0.987799055645161 -0.955847323870968 -0.993737388225806 -0.959923388064516 -0.985826330967742 -0.973876282903226 -0.991750682096774
30 "5.STANDING" -0.930573574915254 -0.930573574915254 -0.971225190169491 -0.913890564915254 -0.972995273898305 -0.932047450677966 -0.953357615932203 -0.917449417288136 -0.959242165084746
30 "6.LAYING" -0.969829984285714 -0.969829984285714 -0.97923282 -0.962284921142857 -0.985086413428571 -0.962840820428571 -0.969949269571429 -0.962001199 -0.977821335571429
